precision: 0.9117647058823529
recall: 0.96875
f-measure: 0.9393939393939394

Sun Jul 21 11:30:27 GMT-03:00 2013